ENDPOINT_CASES_V1
CASE 9 1 D6_B9_0000 0
EDGES 0,1 0,2 0,4 0,5 0,8 1,2 1,7 2,3 3,6 4,5 5,6 6,7
ENDCASE
CASE 9 0 D6_B9_0001 -1
EDGES 0,1 0,2 0,4 0,5 1,2 1,7 1,8 2,3 3,6 4,5 5,6 6,7
ENDCASE
CASE 9 1 D6_B9_0001 0
EDGES 0,1 0,2 0,4 0,5 1,2 1,7 1,8 2,3 3,6 4,5 5,6 6,7
ENDCASE
CASE 9 1 D6_B9_0001 1
EDGES 0,1 0,2 0,4 0,5 1,2 1,7 1,8 2,3 3,6 4,5 5,6 6,7
ENDCASE
CASE 9 1 D6_B9_0001 2
EDGES 0,1 0,2 0,4 0,5 1,2 1,7 1,8 2,3 3,6 4,5 5,6 6,7
ENDCASE
CASE 9 1 D6_B9_0001 3
EDGES 0,1 0,2 0,4 0,5 1,2 1,7 1,8 2,3 3,6 4,5 5,6 6,7
ENDCASE
CASE 9 1 D6_B9_0001 4
EDGES 0,1 0,2 0,4 0,5 1,2 1,7 1,8 2,3 3,6 4,5 5,6 6,7
ENDCASE
CASE 9 1 D6_B9_0001 5
EDGES 0,1 0,2 0,4 0,5 1,2 1,7 1,8 2,3 3,6 4,5 5,6 6,7
ENDCASE
CASE 9 1 D6_B9_0001 6
EDGES 0,1 0,2 0,4 0,5 1,2 1,7 1,8 2,3 3,6 4,5 5,6 6,7
ENDCASE
CASE 9 1 D6_B9_0001 7
EDGES 0,1 0,2 0,4 0,5 1,2 1,7 1,8 2,3 3,6 4,5 5,6 6,7
ENDCASE
CASE 9 1 D6_B9_0001 8
EDGES 0,1 0,2 0,4 0,5 1,2 1,7 1,8 2,3 3,6 4,5 5,6 6,7
ENDCASE
CASE 9 0 D6_B9_0002 -1
EDGES 0,1 0,2 0,4 0,5 1,2 1,7 2,3 3,6 3,8 4,5 5,6 6,7
ENDCASE
CASE 9 1 D6_B9_0002 0
EDGES 0,1 0,2 0,4 0,5 1,2 1,7 2,3 3,6 3,8 4,5 5,6 6,7
ENDCASE
CASE 9 1 D6_B9_0002 1
EDGES 0,1 0,2 0,4 0,5 1,2 1,7 2,3 3,6 3,8 4,5 5,6 6,7
ENDCASE
CASE 9 1 D6_B9_0002 2
EDGES 0,1 0,2 0,4 0,5 1,2 1,7 2,3 3,6 3,8 4,5 5,6 6,7
ENDCASE
CASE 9 1 D6_B9_0002 3
EDGES 0,1 0,2 0,4 0,5 1,2 1,7 2,3 3,6 3,8 4,5 5,6 6,7
ENDCASE
CASE 9 1 D6_B9_0002 4
EDGES 0,1 0,2 0,4 0,5 1,2 1,7 2,3 3,6 3,8 4,5 5,6 6,7
ENDCASE
CASE 9 1 D6_B9_0002 5
EDGES 0,1 0,2 0,4 0,5 1,2 1,7 2,3 3,6 3,8 4,5 5,6 6,7
ENDCASE
CASE 9 1 D6_B9_0002 6
EDGES 0,1 0,2 0,4 0,5 1,2 1,7 2,3 3,6 3,8 4,5 5,6 6,7
ENDCASE
CASE 9 1 D6_B9_0002 7
EDGES 0,1 0,2 0,4 0,5 1,2 1,7 2,3 3,6 3,8 4,5 5,6 6,7
ENDCASE
CASE 9 1 D6_B9_0002 8
EDGES 0,1 0,2 0,4 0,5 1,2 1,7 2,3 3,6 3,8 4,5 5,6 6,7
ENDCASE
CASE 9 0 D6_B9_0003 -1
EDGES 0,1 0,2 0,4 0,5 1,2 1,7 2,3 3,6 4,5 4,8 5,6 6,7
ENDCASE
CASE 9 1 D6_B9_0003 0
EDGES 0,1 0,2 0,4 0,5 1,2 1,7 2,3 3,6 4,5 4,8 5,6 6,7
ENDCASE
CASE 9 1 D6_B9_0003 1
EDGES 0,1 0,2 0,4 0,5 1,2 1,7 2,3 3,6 4,5 4,8 5,6 6,7
ENDCASE
CASE 9 1 D6_B9_0003 2
EDGES 0,1 0,2 0,4 0,5 1,2 1,7 2,3 3,6 4,5 4,8 5,6 6,7
ENDCASE
CASE 9 1 D6_B9_0003 3
EDGES 0,1 0,2 0,4 0,5 1,2 1,7 2,3 3,6 4,5 4,8 5,6 6,7
ENDCASE
CASE 9 1 D6_B9_0003 4
EDGES 0,1 0,2 0,4 0,5 1,2 1,7 2,3 3,6 4,5 4,8 5,6 6,7
ENDCASE
CASE 9 1 D6_B9_0003 5
EDGES 0,1 0,2 0,4 0,5 1,2 1,7 2,3 3,6 4,5 4,8 5,6 6,7
ENDCASE
CASE 9 1 D6_B9_0003 6
EDGES 0,1 0,2 0,4 0,5 1,2 1,7 2,3 3,6 4,5 4,8 5,6 6,7
ENDCASE
CASE 9 1 D6_B9_0003 7
EDGES 0,1 0,2 0,4 0,5 1,2 1,7 2,3 3,6 4,5 4,8 5,6 6,7
ENDCASE
CASE 9 1 D6_B9_0003 8
EDGES 0,1 0,2 0,4 0,5 1,2 1,7 2,3 3,6 4,5 4,8 5,6 6,7
ENDCASE
CASE 9 0 D6_B9_0004 -1
EDGES 0,1 0,2 0,4 0,5 1,2 1,7 2,3 3,6 4,5 5,6 5,8 6,7
ENDCASE
CASE 9 1 D6_B9_0004 0
EDGES 0,1 0,2 0,4 0,5 1,2 1,7 2,3 3,6 4,5 5,6 5,8 6,7
ENDCASE
CASE 9 1 D6_B9_0004 1
EDGES 0,1 0,2 0,4 0,5 1,2 1,7 2,3 3,6 4,5 5,6 5,8 6,7
ENDCASE
CASE 9 1 D6_B9_0004 2
EDGES 0,1 0,2 0,4 0,5 1,2 1,7 2,3 3,6 4,5 5,6 5,8 6,7
ENDCASE
CASE 9 1 D6_B9_0004 3
EDGES 0,1 0,2 0,4 0,5 1,2 1,7 2,3 3,6 4,5 5,6 5,8 6,7
ENDCASE
CASE 9 1 D6_B9_0004 4
EDGES 0,1 0,2 0,4 0,5 1,2 1,7 2,3 3,6 4,5 5,6 5,8 6,7
ENDCASE
CASE 9 1 D6_B9_0004 5
EDGES 0,1 0,2 0,4 0,5 1,2 1,7 2,3 3,6 4,5 5,6 5,8 6,7
ENDCASE
CASE 9 1 D6_B9_0004 6
EDGES 0,1 0,2 0,4 0,5 1,2 1,7 2,3 3,6 4,5 5,6 5,8 6,7
ENDCASE
CASE 9 1 D6_B9_0004 7
EDGES 0,1 0,2 0,4 0,5 1,2 1,7 2,3 3,6 4,5 5,6 5,8 6,7
ENDCASE
CASE 9 1 D6_B9_0004 8
EDGES 0,1 0,2 0,4 0,5 1,2 1,7 2,3 3,6 4,5 5,6 5,8 6,7
ENDCASE
CASE 9 0 D6_B9_0005 -1
EDGES 0,1 0,2 0,4 0,5 1,2 1,7 2,3 3,6 4,5 5,6 6,7 6,8
ENDCASE
CASE 9 1 D6_B9_0005 0
EDGES 0,1 0,2 0,4 0,5 1,2 1,7 2,3 3,6 4,5 5,6 6,7 6,8
ENDCASE
CASE 9 1 D6_B9_0005 1
EDGES 0,1 0,2 0,4 0,5 1,2 1,7 2,3 3,6 4,5 5,6 6,7 6,8
ENDCASE
CASE 9 1 D6_B9_0005 2
EDGES 0,1 0,2 0,4 0,5 1,2 1,7 2,3 3,6 4,5 5,6 6,7 6,8
ENDCASE
CASE 9 1 D6_B9_0005 3
EDGES 0,1 0,2 0,4 0,5 1,2 1,7 2,3 3,6 4,5 5,6 6,7 6,8
ENDCASE
CASE 9 1 D6_B9_0005 4
EDGES 0,1 0,2 0,4 0,5 1,2 1,7 2,3 3,6 4,5 5,6 6,7 6,8
ENDCASE
CASE 9 1 D6_B9_0005 5
EDGES 0,1 0,2 0,4 0,5 1,2 1,7 2,3 3,6 4,5 5,6 6,7 6,8
ENDCASE
CASE 9 1 D6_B9_0005 6
EDGES 0,1 0,2 0,4 0,5 1,2 1,7 2,3 3,6 4,5 5,6 6,7 6,8
ENDCASE
CASE 9 1 D6_B9_0005 7
EDGES 0,1 0,2 0,4 0,5 1,2 1,7 2,3 3,6 4,5 5,6 6,7 6,8
ENDCASE
CASE 9 1 D6_B9_0005 8
EDGES 0,1 0,2 0,4 0,5 1,2 1,7 2,3 3,6 4,5 5,6 6,7 6,8
ENDCASE
CASE 9 0 D6_B9_0006 -1
EDGES 0,1 0,4 0,5 0,8 1,2 1,4 1,7 2,6 3,5 3,6 3,7 5,6
ENDCASE
CASE 9 1 D6_B9_0006 0
EDGES 0,1 0,4 0,5 0,8 1,2 1,4 1,7 2,6 3,5 3,6 3,7 5,6
ENDCASE
CASE 9 1 D6_B9_0006 1
EDGES 0,1 0,4 0,5 0,8 1,2 1,4 1,7 2,6 3,5 3,6 3,7 5,6
ENDCASE
CASE 9 1 D6_B9_0006 2
EDGES 0,1 0,4 0,5 0,8 1,2 1,4 1,7 2,6 3,5 3,6 3,7 5,6
ENDCASE
CASE 9 1 D6_B9_0006 3
EDGES 0,1 0,4 0,5 0,8 1,2 1,4 1,7 2,6 3,5 3,6 3,7 5,6
ENDCASE
CASE 9 1 D6_B9_0006 4
EDGES 0,1 0,4 0,5 0,8 1,2 1,4 1,7 2,6 3,5 3,6 3,7 5,6
ENDCASE
CASE 9 1 D6_B9_0006 5
EDGES 0,1 0,4 0,5 0,8 1,2 1,4 1,7 2,6 3,5 3,6 3,7 5,6
ENDCASE
CASE 9 1 D6_B9_0006 6
EDGES 0,1 0,4 0,5 0,8 1,2 1,4 1,7 2,6 3,5 3,6 3,7 5,6
ENDCASE
CASE 9 1 D6_B9_0006 7
EDGES 0,1 0,4 0,5 0,8 1,2 1,4 1,7 2,6 3,5 3,6 3,7 5,6
ENDCASE
CASE 9 1 D6_B9_0006 8
EDGES 0,1 0,4 0,5 0,8 1,2 1,4 1,7 2,6 3,5 3,6 3,7 5,6
ENDCASE
CASE 9 1 D6_B9_0007 1
EDGES 0,1 0,4 0,5 1,2 1,4 1,7 1,8 2,6 3,5 3,6 3,7 5,6
ENDCASE
CASE 9 0 D6_B9_0008 -1
EDGES 0,1 0,4 0,5 1,2 1,4 1,7 2,6 2,8 3,5 3,6 3,7 5,6
ENDCASE
CASE 9 1 D6_B9_0008 0
EDGES 0,1 0,4 0,5 1,2 1,4 1,7 2,6 2,8 3,5 3,6 3,7 5,6
ENDCASE
CASE 9 1 D6_B9_0008 1
EDGES 0,1 0,4 0,5 1,2 1,4 1,7 2,6 2,8 3,5 3,6 3,7 5,6
ENDCASE
CASE 9 1 D6_B9_0008 2
EDGES 0,1 0,4 0,5 1,2 1,4 1,7 2,6 2,8 3,5 3,6 3,7 5,6
ENDCASE
CASE 9 1 D6_B9_0008 3
EDGES 0,1 0,4 0,5 1,2 1,4 1,7 2,6 2,8 3,5 3,6 3,7 5,6
ENDCASE
CASE 9 1 D6_B9_0008 4
EDGES 0,1 0,4 0,5 1,2 1,4 1,7 2,6 2,8 3,5 3,6 3,7 5,6
ENDCASE
CASE 9 1 D6_B9_0008 5
EDGES 0,1 0,4 0,5 1,2 1,4 1,7 2,6 2,8 3,5 3,6 3,7 5,6
ENDCASE
CASE 9 1 D6_B9_0008 6
EDGES 0,1 0,4 0,5 1,2 1,4 1,7 2,6 2,8 3,5 3,6 3,7 5,6
ENDCASE
CASE 9 1 D6_B9_0008 7
EDGES 0,1 0,4 0,5 1,2 1,4 1,7 2,6 2,8 3,5 3,6 3,7 5,6
ENDCASE
CASE 9 1 D6_B9_0008 8
EDGES 0,1 0,4 0,5 1,2 1,4 1,7 2,6 2,8 3,5 3,6 3,7 5,6
ENDCASE
CASE 9 0 D6_B9_0009 -1
EDGES 0,1 0,4 0,5 1,2 1,4 1,7 2,6 3,5 3,6 3,7 3,8 5,6
ENDCASE
CASE 9 1 D6_B9_0009 0
EDGES 0,1 0,4 0,5 1,2 1,4 1,7 2,6 3,5 3,6 3,7 3,8 5,6
ENDCASE
CASE 9 1 D6_B9_0009 1
EDGES 0,1 0,4 0,5 1,2 1,4 1,7 2,6 3,5 3,6 3,7 3,8 5,6
ENDCASE
CASE 9 1 D6_B9_0009 2
EDGES 0,1 0,4 0,5 1,2 1,4 1,7 2,6 3,5 3,6 3,7 3,8 5,6
ENDCASE
CASE 9 1 D6_B9_0009 3
EDGES 0,1 0,4 0,5 1,2 1,4 1,7 2,6 3,5 3,6 3,7 3,8 5,6
ENDCASE
CASE 9 1 D6_B9_0009 4
EDGES 0,1 0,4 0,5 1,2 1,4 1,7 2,6 3,5 3,6 3,7 3,8 5,6
ENDCASE
CASE 9 1 D6_B9_0009 5
EDGES 0,1 0,4 0,5 1,2 1,4 1,7 2,6 3,5 3,6 3,7 3,8 5,6
ENDCASE
CASE 9 1 D6_B9_0009 6
EDGES 0,1 0,4 0,5 1,2 1,4 1,7 2,6 3,5 3,6 3,7 3,8 5,6
ENDCASE
CASE 9 1 D6_B9_0009 7
EDGES 0,1 0,4 0,5 1,2 1,4 1,7 2,6 3,5 3,6 3,7 3,8 5,6
ENDCASE
CASE 9 1 D6_B9_0009 8
EDGES 0,1 0,4 0,5 1,2 1,4 1,7 2,6 3,5 3,6 3,7 3,8 5,6
ENDCASE
CASE 9 0 D6_B9_0010 -1
EDGES 0,1 0,4 0,5 1,2 1,4 1,7 2,6 3,5 3,6 3,7 4,8 5,6
ENDCASE
CASE 9 1 D6_B9_0010 0
EDGES 0,1 0,4 0,5 1,2 1,4 1,7 2,6 3,5 3,6 3,7 4,8 5,6
ENDCASE
CASE 9 1 D6_B9_0010 1
EDGES 0,1 0,4 0,5 1,2 1,4 1,7 2,6 3,5 3,6 3,7 4,8 5,6
ENDCASE
CASE 9 1 D6_B9_0010 2
EDGES 0,1 0,4 0,5 1,2 1,4 1,7 2,6 3,5 3,6 3,7 4,8 5,6
ENDCASE
CASE 9 1 D6_B9_0010 3
EDGES 0,1 0,4 0,5 1,2 1,4 1,7 2,6 3,5 3,6 3,7 4,8 5,6
ENDCASE
CASE 9 1 D6_B9_0010 4
EDGES 0,1 0,4 0,5 1,2 1,4 1,7 2,6 3,5 3,6 3,7 4,8 5,6
ENDCASE
CASE 9 1 D6_B9_0010 5
EDGES 0,1 0,4 0,5 1,2 1,4 1,7 2,6 3,5 3,6 3,7 4,8 5,6
ENDCASE
CASE 9 1 D6_B9_0010 6
EDGES 0,1 0,4 0,5 1,2 1,4 1,7 2,6 3,5 3,6 3,7 4,8 5,6
ENDCASE
CASE 9 1 D6_B9_0010 7
EDGES 0,1 0,4 0,5 1,2 1,4 1,7 2,6 3,5 3,6 3,7 4,8 5,6
ENDCASE
CASE 9 1 D6_B9_0010 8
EDGES 0,1 0,4 0,5 1,2 1,4 1,7 2,6 3,5 3,6 3,7 4,8 5,6
ENDCASE
CASE 9 0 D6_B9_0011 -1
EDGES 0,1 0,4 0,5 1,2 1,4 1,7 2,6 3,5 3,6 3,7 5,6 5,8
ENDCASE
CASE 9 1 D6_B9_0011 0
EDGES 0,1 0,4 0,5 1,2 1,4 1,7 2,6 3,5 3,6 3,7 5,6 5,8
ENDCASE
CASE 9 1 D6_B9_0011 1
EDGES 0,1 0,4 0,5 1,2 1,4 1,7 2,6 3,5 3,6 3,7 5,6 5,8
ENDCASE
CASE 9 1 D6_B9_0011 2
EDGES 0,1 0,4 0,5 1,2 1,4 1,7 2,6 3,5 3,6 3,7 5,6 5,8
ENDCASE
CASE 9 1 D6_B9_0011 3
EDGES 0,1 0,4 0,5 1,2 1,4 1,7 2,6 3,5 3,6 3,7 5,6 5,8
ENDCASE
CASE 9 1 D6_B9_0011 4
EDGES 0,1 0,4 0,5 1,2 1,4 1,7 2,6 3,5 3,6 3,7 5,6 5,8
ENDCASE
CASE 9 1 D6_B9_0011 5
EDGES 0,1 0,4 0,5 1,2 1,4 1,7 2,6 3,5 3,6 3,7 5,6 5,8
ENDCASE
CASE 9 1 D6_B9_0011 6
EDGES 0,1 0,4 0,5 1,2 1,4 1,7 2,6 3,5 3,6 3,7 5,6 5,8
ENDCASE
CASE 9 1 D6_B9_0011 7
EDGES 0,1 0,4 0,5 1,2 1,4 1,7 2,6 3,5 3,6 3,7 5,6 5,8
ENDCASE
CASE 9 1 D6_B9_0011 8
EDGES 0,1 0,4 0,5 1,2 1,4 1,7 2,6 3,5 3,6 3,7 5,6 5,8
ENDCASE
CASE 9 0 D6_B9_0015 -1
EDGES 0,1 0,2 0,7 0,8 1,2 2,3 2,6 3,4 3,5 3,6 4,5 7,8
ENDCASE
CASE 9 1 D6_B9_0015 0
EDGES 0,1 0,2 0,7 0,8 1,2 2,3 2,6 3,4 3,5 3,6 4,5 7,8
ENDCASE
CASE 9 1 D6_B9_0015 1
EDGES 0,1 0,2 0,7 0,8 1,2 2,3 2,6 3,4 3,5 3,6 4,5 7,8
ENDCASE
CASE 9 1 D6_B9_0015 2
EDGES 0,1 0,2 0,7 0,8 1,2 2,3 2,6 3,4 3,5 3,6 4,5 7,8
ENDCASE
CASE 9 1 D6_B9_0015 3
EDGES 0,1 0,2 0,7 0,8 1,2 2,3 2,6 3,4 3,5 3,6 4,5 7,8
ENDCASE
CASE 9 1 D6_B9_0015 4
EDGES 0,1 0,2 0,7 0,8 1,2 2,3 2,6 3,4 3,5 3,6 4,5 7,8
ENDCASE
CASE 9 1 D6_B9_0015 5
EDGES 0,1 0,2 0,7 0,8 1,2 2,3 2,6 3,4 3,5 3,6 4,5 7,8
ENDCASE
CASE 9 1 D6_B9_0015 6
EDGES 0,1 0,2 0,7 0,8 1,2 2,3 2,6 3,4 3,5 3,6 4,5 7,8
ENDCASE
CASE 9 1 D6_B9_0015 7
EDGES 0,1 0,2 0,7 0,8 1,2 2,3 2,6 3,4 3,5 3,6 4,5 7,8
ENDCASE
CASE 9 1 D6_B9_0015 8
EDGES 0,1 0,2 0,7 0,8 1,2 2,3 2,6 3,4 3,5 3,6 4,5 7,8
ENDCASE
CASE 9 1 D6_B9_0016 3
EDGES 0,1 0,2 0,7 1,2 2,3 2,6 3,4 3,5 3,6 3,8 4,5 7,8
ENDCASE
CASE 9 0 D6_B9_0017 -1
EDGES 0,1 0,2 0,7 1,2 2,3 2,6 3,4 3,5 3,6 4,5 6,8 7,8
ENDCASE
CASE 9 1 D6_B9_0017 0
EDGES 0,1 0,2 0,7 1,2 2,3 2,6 3,4 3,5 3,6 4,5 6,8 7,8
ENDCASE
CASE 9 1 D6_B9_0017 1
EDGES 0,1 0,2 0,7 1,2 2,3 2,6 3,4 3,5 3,6 4,5 6,8 7,8
ENDCASE
CASE 9 1 D6_B9_0017 2
EDGES 0,1 0,2 0,7 1,2 2,3 2,6 3,4 3,5 3,6 4,5 6,8 7,8
ENDCASE
CASE 9 1 D6_B9_0017 3
EDGES 0,1 0,2 0,7 1,2 2,3 2,6 3,4 3,5 3,6 4,5 6,8 7,8
ENDCASE
CASE 9 1 D6_B9_0017 4
EDGES 0,1 0,2 0,7 1,2 2,3 2,6 3,4 3,5 3,6 4,5 6,8 7,8
ENDCASE
CASE 9 1 D6_B9_0017 5
EDGES 0,1 0,2 0,7 1,2 2,3 2,6 3,4 3,5 3,6 4,5 6,8 7,8
ENDCASE
CASE 9 1 D6_B9_0017 6
EDGES 0,1 0,2 0,7 1,2 2,3 2,6 3,4 3,5 3,6 4,5 6,8 7,8
ENDCASE
CASE 9 1 D6_B9_0017 7
EDGES 0,1 0,2 0,7 1,2 2,3 2,6 3,4 3,5 3,6 4,5 6,8 7,8
ENDCASE
CASE 9 1 D6_B9_0017 8
EDGES 0,1 0,2 0,7 1,2 2,3 2,6 3,4 3,5 3,6 4,5 6,8 7,8
ENDCASE
CASE 9 0 D6_B9_0018 -1
EDGES 0,1 0,2 1,2 2,3 2,6 3,4 3,5 3,6 4,5 6,7 6,8 7,8
ENDCASE
CASE 9 1 D6_B9_0018 0
EDGES 0,1 0,2 1,2 2,3 2,6 3,4 3,5 3,6 4,5 6,7 6,8 7,8
ENDCASE
CASE 9 1 D6_B9_0018 1
EDGES 0,1 0,2 1,2 2,3 2,6 3,4 3,5 3,6 4,5 6,7 6,8 7,8
ENDCASE
CASE 9 1 D6_B9_0018 2
EDGES 0,1 0,2 1,2 2,3 2,6 3,4 3,5 3,6 4,5 6,7 6,8 7,8
ENDCASE
CASE 9 1 D6_B9_0018 3
EDGES 0,1 0,2 1,2 2,3 2,6 3,4 3,5 3,6 4,5 6,7 6,8 7,8
ENDCASE
CASE 9 1 D6_B9_0018 4
EDGES 0,1 0,2 1,2 2,3 2,6 3,4 3,5 3,6 4,5 6,7 6,8 7,8
ENDCASE
CASE 9 1 D6_B9_0018 5
EDGES 0,1 0,2 1,2 2,3 2,6 3,4 3,5 3,6 4,5 6,7 6,8 7,8
ENDCASE
CASE 9 1 D6_B9_0018 6
EDGES 0,1 0,2 1,2 2,3 2,6 3,4 3,5 3,6 4,5 6,7 6,8 7,8
ENDCASE
CASE 9 1 D6_B9_0018 7
EDGES 0,1 0,2 1,2 2,3 2,6 3,4 3,5 3,6 4,5 6,7 6,8 7,8
ENDCASE
CASE 9 1 D6_B9_0018 8
EDGES 0,1 0,2 1,2 2,3 2,6 3,4 3,5 3,6 4,5 6,7 6,8 7,8
ENDCASE
CASE 9 1 D6_B9_0019 0
EDGES 0,1 0,2 0,4 0,5 0,7 1,2 2,3 3,6 3,8 4,5 5,6 7,8
ENDCASE
CASE 9 0 D6_B9_0020 -1
EDGES 0,1 0,2 0,4 0,5 1,2 2,3 2,7 3,6 4,5 5,6 5,8 7,8
ENDCASE
CASE 9 1 D6_B9_0020 0
EDGES 0,1 0,2 0,4 0,5 1,2 2,3 2,7 3,6 4,5 5,6 5,8 7,8
ENDCASE
CASE 9 1 D6_B9_0020 1
EDGES 0,1 0,2 0,4 0,5 1,2 2,3 2,7 3,6 4,5 5,6 5,8 7,8
ENDCASE
CASE 9 1 D6_B9_0020 2
EDGES 0,1 0,2 0,4 0,5 1,2 2,3 2,7 3,6 4,5 5,6 5,8 7,8
ENDCASE
CASE 9 1 D6_B9_0020 3
EDGES 0,1 0,2 0,4 0,5 1,2 2,3 2,7 3,6 4,5 5,6 5,8 7,8
ENDCASE
CASE 9 1 D6_B9_0020 4
EDGES 0,1 0,2 0,4 0,5 1,2 2,3 2,7 3,6 4,5 5,6 5,8 7,8
ENDCASE
CASE 9 1 D6_B9_0020 5
EDGES 0,1 0,2 0,4 0,5 1,2 2,3 2,7 3,6 4,5 5,6 5,8 7,8
ENDCASE
CASE 9 1 D6_B9_0020 6
EDGES 0,1 0,2 0,4 0,5 1,2 2,3 2,7 3,6 4,5 5,6 5,8 7,8
ENDCASE
CASE 9 1 D6_B9_0020 7
EDGES 0,1 0,2 0,4 0,5 1,2 2,3 2,7 3,6 4,5 5,6 5,8 7,8
ENDCASE
CASE 9 1 D6_B9_0020 8
EDGES 0,1 0,2 0,4 0,5 1,2 2,3 2,7 3,6 4,5 5,6 5,8 7,8
ENDCASE
CASE 9 0 D6_B9_0021 -1
EDGES 0,1 0,2 0,4 0,5 1,2 2,3 3,6 3,7 3,8 4,5 5,6 7,8
ENDCASE
CASE 9 1 D6_B9_0021 0
EDGES 0,1 0,2 0,4 0,5 1,2 2,3 3,6 3,7 3,8 4,5 5,6 7,8
ENDCASE
CASE 9 1 D6_B9_0021 1
EDGES 0,1 0,2 0,4 0,5 1,2 2,3 3,6 3,7 3,8 4,5 5,6 7,8
ENDCASE
CASE 9 1 D6_B9_0021 2
EDGES 0,1 0,2 0,4 0,5 1,2 2,3 3,6 3,7 3,8 4,5 5,6 7,8
ENDCASE
CASE 9 1 D6_B9_0021 3
EDGES 0,1 0,2 0,4 0,5 1,2 2,3 3,6 3,7 3,8 4,5 5,6 7,8
ENDCASE
CASE 9 1 D6_B9_0021 4
EDGES 0,1 0,2 0,4 0,5 1,2 2,3 3,6 3,7 3,8 4,5 5,6 7,8
ENDCASE
CASE 9 1 D6_B9_0021 5
EDGES 0,1 0,2 0,4 0,5 1,2 2,3 3,6 3,7 3,8 4,5 5,6 7,8
ENDCASE
CASE 9 1 D6_B9_0021 6
EDGES 0,1 0,2 0,4 0,5 1,2 2,3 3,6 3,7 3,8 4,5 5,6 7,8
ENDCASE
CASE 9 1 D6_B9_0021 7
EDGES 0,1 0,2 0,4 0,5 1,2 2,3 3,6 3,7 3,8 4,5 5,6 7,8
ENDCASE
CASE 9 1 D6_B9_0021 8
EDGES 0,1 0,2 0,4 0,5 1,2 2,3 3,6 3,7 3,8 4,5 5,6 7,8
ENDCASE
CASE 9 1 D6_B9_0022 0
EDGES 0,1 0,4 0,5 0,7 0,8 1,2 1,4 2,6 3,5 3,6 5,6 7,8
ENDCASE
CASE 9 0 D6_B9_0023 -1
EDGES 0,1 0,4 0,5 0,7 1,2 1,4 2,6 2,8 3,5 3,6 5,6 7,8
ENDCASE
CASE 9 1 D6_B9_0023 0
EDGES 0,1 0,4 0,5 0,7 1,2 1,4 2,6 2,8 3,5 3,6 5,6 7,8
ENDCASE
CASE 9 1 D6_B9_0023 1
EDGES 0,1 0,4 0,5 0,7 1,2 1,4 2,6 2,8 3,5 3,6 5,6 7,8
ENDCASE
CASE 9 1 D6_B9_0023 2
EDGES 0,1 0,4 0,5 0,7 1,2 1,4 2,6 2,8 3,5 3,6 5,6 7,8
ENDCASE
CASE 9 1 D6_B9_0023 3
EDGES 0,1 0,4 0,5 0,7 1,2 1,4 2,6 2,8 3,5 3,6 5,6 7,8
ENDCASE
CASE 9 1 D6_B9_0023 4
EDGES 0,1 0,4 0,5 0,7 1,2 1,4 2,6 2,8 3,5 3,6 5,6 7,8
ENDCASE
CASE 9 1 D6_B9_0023 5
EDGES 0,1 0,4 0,5 0,7 1,2 1,4 2,6 2,8 3,5 3,6 5,6 7,8
ENDCASE
CASE 9 1 D6_B9_0023 6
EDGES 0,1 0,4 0,5 0,7 1,2 1,4 2,6 2,8 3,5 3,6 5,6 7,8
ENDCASE
CASE 9 1 D6_B9_0023 7
EDGES 0,1 0,4 0,5 0,7 1,2 1,4 2,6 2,8 3,5 3,6 5,6 7,8
ENDCASE
CASE 9 1 D6_B9_0023 8
EDGES 0,1 0,4 0,5 0,7 1,2 1,4 2,6 2,8 3,5 3,6 5,6 7,8
ENDCASE
CASE 9 0 D6_B9_0024 -1
EDGES 0,1 0,4 0,5 0,7 1,2 1,4 2,6 3,5 3,6 5,6 6,8 7,8
ENDCASE
CASE 9 1 D6_B9_0024 0
EDGES 0,1 0,4 0,5 0,7 1,2 1,4 2,6 3,5 3,6 5,6 6,8 7,8
ENDCASE
CASE 9 1 D6_B9_0024 1
EDGES 0,1 0,4 0,5 0,7 1,2 1,4 2,6 3,5 3,6 5,6 6,8 7,8
ENDCASE
CASE 9 1 D6_B9_0024 2
EDGES 0,1 0,4 0,5 0,7 1,2 1,4 2,6 3,5 3,6 5,6 6,8 7,8
ENDCASE
CASE 9 1 D6_B9_0024 3
EDGES 0,1 0,4 0,5 0,7 1,2 1,4 2,6 3,5 3,6 5,6 6,8 7,8
ENDCASE
CASE 9 1 D6_B9_0024 4
EDGES 0,1 0,4 0,5 0,7 1,2 1,4 2,6 3,5 3,6 5,6 6,8 7,8
ENDCASE
CASE 9 1 D6_B9_0024 5
EDGES 0,1 0,4 0,5 0,7 1,2 1,4 2,6 3,5 3,6 5,6 6,8 7,8
ENDCASE
CASE 9 1 D6_B9_0024 6
EDGES 0,1 0,4 0,5 0,7 1,2 1,4 2,6 3,5 3,6 5,6 6,8 7,8
ENDCASE
CASE 9 1 D6_B9_0024 7
EDGES 0,1 0,4 0,5 0,7 1,2 1,4 2,6 3,5 3,6 5,6 6,8 7,8
ENDCASE
CASE 9 1 D6_B9_0024 8
EDGES 0,1 0,4 0,5 0,7 1,2 1,4 2,6 3,5 3,6 5,6 6,8 7,8
ENDCASE
CASE 9 1 D6_B9_0025 1
EDGES 0,1 0,4 0,5 1,2 1,4 1,7 1,8 2,6 3,5 3,6 5,6 7,8
ENDCASE
CASE 9 0 D6_B9_0026 -1
EDGES 0,1 0,4 0,5 1,2 1,4 2,6 2,7 2,8 3,5 3,6 5,6 7,8
ENDCASE
CASE 9 1 D6_B9_0026 0
EDGES 0,1 0,4 0,5 1,2 1,4 2,6 2,7 2,8 3,5 3,6 5,6 7,8
ENDCASE
CASE 9 1 D6_B9_0026 1
EDGES 0,1 0,4 0,5 1,2 1,4 2,6 2,7 2,8 3,5 3,6 5,6 7,8
ENDCASE
CASE 9 1 D6_B9_0026 2
EDGES 0,1 0,4 0,5 1,2 1,4 2,6 2,7 2,8 3,5 3,6 5,6 7,8
ENDCASE
CASE 9 1 D6_B9_0026 3
EDGES 0,1 0,4 0,5 1,2 1,4 2,6 2,7 2,8 3,5 3,6 5,6 7,8
ENDCASE
CASE 9 1 D6_B9_0026 4
EDGES 0,1 0,4 0,5 1,2 1,4 2,6 2,7 2,8 3,5 3,6 5,6 7,8
ENDCASE
CASE 9 1 D6_B9_0026 5
EDGES 0,1 0,4 0,5 1,2 1,4 2,6 2,7 2,8 3,5 3,6 5,6 7,8
ENDCASE
CASE 9 1 D6_B9_0026 6
EDGES 0,1 0,4 0,5 1,2 1,4 2,6 2,7 2,8 3,5 3,6 5,6 7,8
ENDCASE
CASE 9 1 D6_B9_0026 7
EDGES 0,1 0,4 0,5 1,2 1,4 2,6 2,7 2,8 3,5 3,6 5,6 7,8
ENDCASE
CASE 9 1 D6_B9_0026 8
EDGES 0,1 0,4 0,5 1,2 1,4 2,6 2,7 2,8 3,5 3,6 5,6 7,8
ENDCASE
CASE 9 0 D6_B9_0027 -1
EDGES 0,1 0,4 0,5 1,2 1,4 2,6 3,5 3,6 3,7 3,8 5,6 7,8
ENDCASE
CASE 9 1 D6_B9_0027 0
EDGES 0,1 0,4 0,5 1,2 1,4 2,6 3,5 3,6 3,7 3,8 5,6 7,8
ENDCASE
CASE 9 1 D6_B9_0027 1
EDGES 0,1 0,4 0,5 1,2 1,4 2,6 3,5 3,6 3,7 3,8 5,6 7,8
ENDCASE
CASE 9 1 D6_B9_0027 2
EDGES 0,1 0,4 0,5 1,2 1,4 2,6 3,5 3,6 3,7 3,8 5,6 7,8
ENDCASE
CASE 9 1 D6_B9_0027 3
EDGES 0,1 0,4 0,5 1,2 1,4 2,6 3,5 3,6 3,7 3,8 5,6 7,8
ENDCASE
CASE 9 1 D6_B9_0027 4
EDGES 0,1 0,4 0,5 1,2 1,4 2,6 3,5 3,6 3,7 3,8 5,6 7,8
ENDCASE
CASE 9 1 D6_B9_0027 5
EDGES 0,1 0,4 0,5 1,2 1,4 2,6 3,5 3,6 3,7 3,8 5,6 7,8
ENDCASE
CASE 9 1 D6_B9_0027 6
EDGES 0,1 0,4 0,5 1,2 1,4 2,6 3,5 3,6 3,7 3,8 5,6 7,8
ENDCASE
CASE 9 1 D6_B9_0027 7
EDGES 0,1 0,4 0,5 1,2 1,4 2,6 3,5 3,6 3,7 3,8 5,6 7,8
ENDCASE
CASE 9 1 D6_B9_0027 8
EDGES 0,1 0,4 0,5 1,2 1,4 2,6 3,5 3,6 3,7 3,8 5,6 7,8
ENDCASE
CASE 9 0 D6_B9_0028 -1
EDGES 0,1 0,4 0,7 0,8 1,2 1,6 2,3 3,4 3,5 4,5 5,6 7,8
ENDCASE
CASE 9 1 D6_B9_0028 0
EDGES 0,1 0,4 0,7 0,8 1,2 1,6 2,3 3,4 3,5 4,5 5,6 7,8
ENDCASE
CASE 9 1 D6_B9_0028 1
EDGES 0,1 0,4 0,7 0,8 1,2 1,6 2,3 3,4 3,5 4,5 5,6 7,8
ENDCASE
CASE 9 1 D6_B9_0028 2
EDGES 0,1 0,4 0,7 0,8 1,2 1,6 2,3 3,4 3,5 4,5 5,6 7,8
ENDCASE
CASE 9 1 D6_B9_0028 3
EDGES 0,1 0,4 0,7 0,8 1,2 1,6 2,3 3,4 3,5 4,5 5,6 7,8
ENDCASE
CASE 9 1 D6_B9_0028 4
EDGES 0,1 0,4 0,7 0,8 1,2 1,6 2,3 3,4 3,5 4,5 5,6 7,8
ENDCASE
CASE 9 1 D6_B9_0028 5
EDGES 0,1 0,4 0,7 0,8 1,2 1,6 2,3 3,4 3,5 4,5 5,6 7,8
ENDCASE
CASE 9 1 D6_B9_0028 6
EDGES 0,1 0,4 0,7 0,8 1,2 1,6 2,3 3,4 3,5 4,5 5,6 7,8
ENDCASE
CASE 9 1 D6_B9_0028 7
EDGES 0,1 0,4 0,7 0,8 1,2 1,6 2,3 3,4 3,5 4,5 5,6 7,8
ENDCASE
CASE 9 1 D6_B9_0028 8
EDGES 0,1 0,4 0,7 0,8 1,2 1,6 2,3 3,4 3,5 4,5 5,6 7,8
ENDCASE
CASE 9 1 D6_B9_0029 1
EDGES 0,1 0,4 1,2 1,6 1,7 1,8 2,3 3,4 3,5 4,5 5,6 7,8
ENDCASE
CASE 9 0 D6_B9_0030 -1
EDGES 0,1 0,4 1,2 1,6 1,7 2,3 3,4 3,5 3,8 4,5 5,6 7,8
ENDCASE
CASE 9 1 D6_B9_0030 0
EDGES 0,1 0,4 1,2 1,6 1,7 2,3 3,4 3,5 3,8 4,5 5,6 7,8
ENDCASE
CASE 9 1 D6_B9_0030 1
EDGES 0,1 0,4 1,2 1,6 1,7 2,3 3,4 3,5 3,8 4,5 5,6 7,8
ENDCASE
CASE 9 1 D6_B9_0030 2
EDGES 0,1 0,4 1,2 1,6 1,7 2,3 3,4 3,5 3,8 4,5 5,6 7,8
ENDCASE
CASE 9 1 D6_B9_0030 3
EDGES 0,1 0,4 1,2 1,6 1,7 2,3 3,4 3,5 3,8 4,5 5,6 7,8
ENDCASE
CASE 9 1 D6_B9_0030 4
EDGES 0,1 0,4 1,2 1,6 1,7 2,3 3,4 3,5 3,8 4,5 5,6 7,8
ENDCASE
CASE 9 1 D6_B9_0030 5
EDGES 0,1 0,4 1,2 1,6 1,7 2,3 3,4 3,5 3,8 4,5 5,6 7,8
ENDCASE
CASE 9 1 D6_B9_0030 6
EDGES 0,1 0,4 1,2 1,6 1,7 2,3 3,4 3,5 3,8 4,5 5,6 7,8
ENDCASE
CASE 9 1 D6_B9_0030 7
EDGES 0,1 0,4 1,2 1,6 1,7 2,3 3,4 3,5 3,8 4,5 5,6 7,8
ENDCASE
CASE 9 1 D6_B9_0030 8
EDGES 0,1 0,4 1,2 1,6 1,7 2,3 3,4 3,5 3,8 4,5 5,6 7,8
ENDCASE
CASE 9 1 D6_B9_0031 3
EDGES 0,1 0,4 1,2 1,6 2,3 3,4 3,5 3,7 3,8 4,5 5,6 7,8
ENDCASE
CASE 9 0 D6_B9_0032 -1
EDGES 0,1 0,2 0,8 1,2 1,4 1,6 2,3 3,5 4,5 5,7 6,7 7,8
ENDCASE
CASE 9 1 D6_B9_0032 0
EDGES 0,1 0,2 0,8 1,2 1,4 1,6 2,3 3,5 4,5 5,7 6,7 7,8
ENDCASE
CASE 9 1 D6_B9_0032 1
EDGES 0,1 0,2 0,8 1,2 1,4 1,6 2,3 3,5 4,5 5,7 6,7 7,8
ENDCASE
CASE 9 1 D6_B9_0032 2
EDGES 0,1 0,2 0,8 1,2 1,4 1,6 2,3 3,5 4,5 5,7 6,7 7,8
ENDCASE
CASE 9 1 D6_B9_0032 3
EDGES 0,1 0,2 0,8 1,2 1,4 1,6 2,3 3,5 4,5 5,7 6,7 7,8
ENDCASE
CASE 9 1 D6_B9_0032 4
EDGES 0,1 0,2 0,8 1,2 1,4 1,6 2,3 3,5 4,5 5,7 6,7 7,8
ENDCASE
CASE 9 1 D6_B9_0032 5
EDGES 0,1 0,2 0,8 1,2 1,4 1,6 2,3 3,5 4,5 5,7 6,7 7,8
ENDCASE
CASE 9 1 D6_B9_0032 6
EDGES 0,1 0,2 0,8 1,2 1,4 1,6 2,3 3,5 4,5 5,7 6,7 7,8
ENDCASE
CASE 9 1 D6_B9_0032 7
EDGES 0,1 0,2 0,8 1,2 1,4 1,6 2,3 3,5 4,5 5,7 6,7 7,8
ENDCASE
CASE 9 1 D6_B9_0032 8
EDGES 0,1 0,2 0,8 1,2 1,4 1,6 2,3 3,5 4,5 5,7 6,7 7,8
ENDCASE
CASE 10 1 D6_B10_0001 0
EDGES 0,1 0,2 0,4 0,5 0,8 1,2 1,7 2,3 3,6 4,5 5,6 6,7 6,9 8,9
ENDCASE
CASE 10 1 D6_B10_0002 1
EDGES 0,1 0,2 0,4 0,5 1,2 1,7 1,8 1,9 2,3 3,6 4,5 5,6 6,7 8,9
ENDCASE
CASE 10 0 D6_B10_0003 -1
EDGES 0,1 0,2 0,4 0,5 1,2 1,7 2,3 3,6 3,8 3,9 4,5 5,6 6,7 8,9
ENDCASE
CASE 10 1 D6_B10_0003 0
EDGES 0,1 0,2 0,4 0,5 1,2 1,7 2,3 3,6 3,8 3,9 4,5 5,6 6,7 8,9
ENDCASE
CASE 10 1 D6_B10_0003 1
EDGES 0,1 0,2 0,4 0,5 1,2 1,7 2,3 3,6 3,8 3,9 4,5 5,6 6,7 8,9
ENDCASE
CASE 10 1 D6_B10_0003 2
EDGES 0,1 0,2 0,4 0,5 1,2 1,7 2,3 3,6 3,8 3,9 4,5 5,6 6,7 8,9
ENDCASE
CASE 10 1 D6_B10_0003 3
EDGES 0,1 0,2 0,4 0,5 1,2 1,7 2,3 3,6 3,8 3,9 4,5 5,6 6,7 8,9
ENDCASE
CASE 10 1 D6_B10_0003 4
EDGES 0,1 0,2 0,4 0,5 1,2 1,7 2,3 3,6 3,8 3,9 4,5 5,6 6,7 8,9
ENDCASE
CASE 10 1 D6_B10_0003 5
EDGES 0,1 0,2 0,4 0,5 1,2 1,7 2,3 3,6 3,8 3,9 4,5 5,6 6,7 8,9
ENDCASE
CASE 10 1 D6_B10_0003 6
EDGES 0,1 0,2 0,4 0,5 1,2 1,7 2,3 3,6 3,8 3,9 4,5 5,6 6,7 8,9
ENDCASE
CASE 10 1 D6_B10_0003 7
EDGES 0,1 0,2 0,4 0,5 1,2 1,7 2,3 3,6 3,8 3,9 4,5 5,6 6,7 8,9
ENDCASE
CASE 10 1 D6_B10_0003 8
EDGES 0,1 0,2 0,4 0,5 1,2 1,7 2,3 3,6 3,8 3,9 4,5 5,6 6,7 8,9
ENDCASE
CASE 10 1 D6_B10_0003 9
EDGES 0,1 0,2 0,4 0,5 1,2 1,7 2,3 3,6 3,8 3,9 4,5 5,6 6,7 8,9
ENDCASE
CASE 10 0 D6_B10_0004 -1
EDGES 0,1 0,2 0,4 0,5 1,2 1,7 2,3 3,6 4,5 4,8 4,9 5,6 6,7 8,9
ENDCASE
CASE 10 1 D6_B10_0004 0
EDGES 0,1 0,2 0,4 0,5 1,2 1,7 2,3 3,6 4,5 4,8 4,9 5,6 6,7 8,9
ENDCASE
CASE 10 1 D6_B10_0004 1
EDGES 0,1 0,2 0,4 0,5 1,2 1,7 2,3 3,6 4,5 4,8 4,9 5,6 6,7 8,9
ENDCASE
CASE 10 1 D6_B10_0004 2
EDGES 0,1 0,2 0,4 0,5 1,2 1,7 2,3 3,6 4,5 4,8 4,9 5,6 6,7 8,9
ENDCASE
CASE 10 1 D6_B10_0004 3
EDGES 0,1 0,2 0,4 0,5 1,2 1,7 2,3 3,6 4,5 4,8 4,9 5,6 6,7 8,9
ENDCASE
CASE 10 1 D6_B10_0004 4
EDGES 0,1 0,2 0,4 0,5 1,2 1,7 2,3 3,6 4,5 4,8 4,9 5,6 6,7 8,9
ENDCASE
CASE 10 1 D6_B10_0004 5
EDGES 0,1 0,2 0,4 0,5 1,2 1,7 2,3 3,6 4,5 4,8 4,9 5,6 6,7 8,9
ENDCASE
CASE 10 1 D6_B10_0004 6
EDGES 0,1 0,2 0,4 0,5 1,2 1,7 2,3 3,6 4,5 4,8 4,9 5,6 6,7 8,9
ENDCASE
CASE 10 1 D6_B10_0004 7
EDGES 0,1 0,2 0,4 0,5 1,2 1,7 2,3 3,6 4,5 4,8 4,9 5,6 6,7 8,9
ENDCASE
CASE 10 1 D6_B10_0004 8
EDGES 0,1 0,2 0,4 0,5 1,2 1,7 2,3 3,6 4,5 4,8 4,9 5,6 6,7 8,9
ENDCASE
CASE 10 1 D6_B10_0004 9
EDGES 0,1 0,2 0,4 0,5 1,2 1,7 2,3 3,6 4,5 4,8 4,9 5,6 6,7 8,9
ENDCASE
CASE 10 1 D6_B10_0005 5
EDGES 0,1 0,2 0,4 0,5 1,2 1,7 2,3 3,6 4,5 5,6 5,8 5,9 6,7 8,9
ENDCASE
CASE 10 1 D6_B10_0006 6
EDGES 0,1 0,2 0,4 0,5 1,2 1,7 2,3 3,6 4,5 5,6 6,7 6,8 6,9 8,9
ENDCASE
CASE 10 1 D6_B10_0007 0
EDGES 0,1 0,4 0,5 0,8 0,9 1,2 1,4 1,7 2,6 3,5 3,6 3,7 5,6 8,9
ENDCASE
CASE 10 1 D6_B10_0009 1
EDGES 0,1 0,4 0,5 1,2 1,4 1,7 1,8 2,6 3,5 3,6 3,7 5,6 5,9 8,9
ENDCASE
CASE 10 0 D6_B10_0010 -1
EDGES 0,1 0,4 0,5 1,2 1,4 1,7 2,6 2,8 2,9 3,5 3,6 3,7 5,6 8,9
ENDCASE
CASE 10 1 D6_B10_0010 0
EDGES 0,1 0,4 0,5 1,2 1,4 1,7 2,6 2,8 2,9 3,5 3,6 3,7 5,6 8,9
ENDCASE
CASE 10 1 D6_B10_0010 1
EDGES 0,1 0,4 0,5 1,2 1,4 1,7 2,6 2,8 2,9 3,5 3,6 3,7 5,6 8,9
ENDCASE
CASE 10 1 D6_B10_0010 2
EDGES 0,1 0,4 0,5 1,2 1,4 1,7 2,6 2,8 2,9 3,5 3,6 3,7 5,6 8,9
ENDCASE
CASE 10 1 D6_B10_0010 3
EDGES 0,1 0,4 0,5 1,2 1,4 1,7 2,6 2,8 2,9 3,5 3,6 3,7 5,6 8,9
ENDCASE
CASE 10 1 D6_B10_0010 4
EDGES 0,1 0,4 0,5 1,2 1,4 1,7 2,6 2,8 2,9 3,5 3,6 3,7 5,6 8,9
ENDCASE
CASE 10 1 D6_B10_0010 5
EDGES 0,1 0,4 0,5 1,2 1,4 1,7 2,6 2,8 2,9 3,5 3,6 3,7 5,6 8,9
ENDCASE
CASE 10 1 D6_B10_0010 6
EDGES 0,1 0,4 0,5 1,2 1,4 1,7 2,6 2,8 2,9 3,5 3,6 3,7 5,6 8,9
ENDCASE
CASE 10 1 D6_B10_0010 7
EDGES 0,1 0,4 0,5 1,2 1,4 1,7 2,6 2,8 2,9 3,5 3,6 3,7 5,6 8,9
ENDCASE
CASE 10 1 D6_B10_0010 8
EDGES 0,1 0,4 0,5 1,2 1,4 1,7 2,6 2,8 2,9 3,5 3,6 3,7 5,6 8,9
ENDCASE
CASE 10 1 D6_B10_0010 9
EDGES 0,1 0,4 0,5 1,2 1,4 1,7 2,6 2,8 2,9 3,5 3,6 3,7 5,6 8,9
ENDCASE
CASE 10 1 D6_B10_0011 3
EDGES 0,1 0,4 0,5 1,2 1,4 1,7 2,6 3,5 3,6 3,7 3,8 3,9 5,6 8,9
ENDCASE
CASE 10 0 D6_B10_0012 -1
EDGES 0,1 0,4 0,5 1,2 1,4 1,7 2,6 3,5 3,6 3,7 4,8 4,9 5,6 8,9
ENDCASE
CASE 10 1 D6_B10_0012 0
EDGES 0,1 0,4 0,5 1,2 1,4 1,7 2,6 3,5 3,6 3,7 4,8 4,9 5,6 8,9
ENDCASE
CASE 10 1 D6_B10_0012 1
EDGES 0,1 0,4 0,5 1,2 1,4 1,7 2,6 3,5 3,6 3,7 4,8 4,9 5,6 8,9
ENDCASE
CASE 10 1 D6_B10_0012 2
EDGES 0,1 0,4 0,5 1,2 1,4 1,7 2,6 3,5 3,6 3,7 4,8 4,9 5,6 8,9
ENDCASE
CASE 10 1 D6_B10_0012 3
EDGES 0,1 0,4 0,5 1,2 1,4 1,7 2,6 3,5 3,6 3,7 4,8 4,9 5,6 8,9
ENDCASE
CASE 10 1 D6_B10_0012 4
EDGES 0,1 0,4 0,5 1,2 1,4 1,7 2,6 3,5 3,6 3,7 4,8 4,9 5,6 8,9
ENDCASE
CASE 10 1 D6_B10_0012 5
EDGES 0,1 0,4 0,5 1,2 1,4 1,7 2,6 3,5 3,6 3,7 4,8 4,9 5,6 8,9
ENDCASE
CASE 10 1 D6_B10_0012 6
EDGES 0,1 0,4 0,5 1,2 1,4 1,7 2,6 3,5 3,6 3,7 4,8 4,9 5,6 8,9
ENDCASE
CASE 10 1 D6_B10_0012 7
EDGES 0,1 0,4 0,5 1,2 1,4 1,7 2,6 3,5 3,6 3,7 4,8 4,9 5,6 8,9
ENDCASE
CASE 10 1 D6_B10_0012 8
EDGES 0,1 0,4 0,5 1,2 1,4 1,7 2,6 3,5 3,6 3,7 4,8 4,9 5,6 8,9
ENDCASE
CASE 10 1 D6_B10_0012 9
EDGES 0,1 0,4 0,5 1,2 1,4 1,7 2,6 3,5 3,6 3,7 4,8 4,9 5,6 8,9
ENDCASE
CASE 10 1 D6_B10_0013 5
EDGES 0,1 0,4 0,5 1,2 1,4 1,7 2,6 3,5 3,6 3,7 5,6 5,8 5,9 8,9
ENDCASE
END
